481,324,680,321,680,344,481,347	Tel. : +33 (0)4 50 64 05 13	0
289,347,352,349,352,378,303,379	Une marque du Groupe	0
371,354,427,355,426,373,376,373	legrand	0
479,348,681,345,682,365,480,368	Fax :  +33 (0)4 50 64 04 37	0
170,360,292,360,292,375,170,375	ALPES TECHNOLOGIES	0
492,376,680,375,680,393,492,395	www.alpestechnologies.com	0
471,396,684,393,684,411,471,413	contact@alptestechnologies.com	0
175,515,448,515,448,535,175,535	N° 2014072800106	0
478,512,690,511,690,533,478,535	M25040/EXTENSIBL	0
177,547,366,547,366,571,177,571	P:  250 kvar	0
178,583,605,583,605,624,178,624	TENSION/INTENSITE : VOLTAGE  / CURRENT : 400V / 360A	0
553,621,676,621,676,715,553,715	CE	0
179,633,482,633,482,656,179,656	FREQUENCE/FREQUENCY 50 HZ	0
181,663,308,663,308,687,181,687	PHASES : 3	0
179,691,523,684,524,711,179,712	ISOLEMENT/INSULATION 3/15 kV	0
185,739,483,739,483,780,185,780	STEPS POWER  PUISSANCE GRADIN : 2*50+2*75	0
185,785,338,785,338,804,185,804	REF:2014072402	0
182,809,668,804,668,825,182,831	Standard IEC 61439-1/NF EN 61 439-1 MADE IN FRANCE	0
