292,474,519,480,518,532,290,526	VSD 07	0
777,759,843,763,840,805,775,801	AE	0
815,823,856,823,856,843,815,843	TEST	0
766,873,908,873,908,886,766,886	N° de Certificat : 15	0
765,886,902,886,902,898,765,898	MODELE: DS1	0
625,917,678,917,678,941,625,941	CE IP 54	0
361,947,395,947,395,967,361,967	NF	0
618,954,730,948,726,992,617,990	saftairVENTILATION	0
767,900,891,901,889,910,764,909	E.ALIM :  400V	0
765,913,881,914,877,922,762,922	Intensite I : 6	0
762,925,892,925,891,935,758,935	Fonction supplémentaire : Sectionneur	0
758,938,892,938,892,948,757,948	N° série : 50480.11/14	0
757,950,886,951,886,963,754,961	E.TELE : 24/48Vcc	0
755,973,887,974,885,986,752,985	E.Réarm : 24/48 Vcc	0
752,986,884,988,883,996,749,998	E.A.P : 24/48 Vcc	0
654,815,752,815,752,872,654,872	Cyber Pro 2	0
