630,265,684,270,682,290,628,285	Defaut	0
624,286,724,291,723,310,623,305	Jalimentation	0
532,311,576,311,576,343,532,343	RE	0
582,309,716,314,715,336,581,332	Position d'attente	0
580,329,683,334,682,352,580,348	Pas de defaut	0
490,355,532,355,532,383,490,383	SE	0
538,350,666,355,665,378,537,373	Position securite	0
537,370,640,375,639,394,536,389	Pas de defaut	0
499,392,582,398,580,416,498,410	Commande	0
495,410,569,414,568,432,494,429	Jmanuelle	0
420,433,464,433,464,463,420,463	3P	0
466,434,542,441,540,463,464,457	Delestage	0
433,468,492,471,491,491,431,488	Contact	0
430,486,552,492,551,511,429,505	Jproximite ouvert	0
406,505,458,508,457,527,404,524	Defaut	0
400,521,501,527,500,546,399,540	Jarret pompier	0
377,544,539,551,539,570,376,562	Defaut manque phase 1	0
374,560,507,567,506,584,373,577	Jou defaut symetrie	0
357,578,462,586,461,604,355,597	Defaut manque	0
359,597,414,600,413,618,358,614	phase2	0
336,613,440,620,439,639,335,632	Defaut manque	0
338,630,392,635,390,650,336,645	phase3	0
316,649,432,654,431,672,315,668	Inversion phases	0
318,662,425,668,424,687,317,681	Defaut symetrie	0
297,684,349,684,349,703,297,703	Defaut	0
298,698,370,702,369,719,297,716	Jisolement	0
283,714,334,718,333,734,282,730	Defaut	0
407,715,504,721,500,778,403,772	AE	0
282,730,342,734,342,748,281,745	Jsecurite	0
570,735,611,735,611,749,570,749	...	0
272,749,319,752,318,768,271,765	Defaut	0
566,745,614,745,614,760,566,760	....	0
267,762,334,766,333,784,266,781	Jmemoire	0
569,759,608,759,608,772,569,772	...	0
197,813,349,813,349,887,197,887	Cyber Pro 2	0
468,816,539,816,539,847,468,847	TEST	0
408,880,452,883,452,892,407,889	I'ordre d'ay	0
196,902,242,906,241,922,195,918	Coffret	0
404,900,520,904,520,923,403,918	N de Certificat:	0
570,904,591,904,591,921,570,921	15	0
193,916,269,919,268,939,193,936	de relayage	0
403,924,595,924,595,942,403,942	MODELE: DS1	0
187,943,265,943,265,957,187,957	programmee	0
403,942,470,946,469,964,402,961	E.ALIM.:	0
559,948,592,948,592,964,559,964	400V	0
401,965,480,968,479,987,400,984	Intensite1:	0
168,975,261,975,261,1009,168,1009	CEIP54	0
566,971,580,971,580,984,566,984	8	0
402,983,471,991,468,1010,400,1002	Fonction supple	0
530,988,611,994,610,1010,529,1004	Sectionneur	0
400,1006,619,1015,614,1029,399,1025	N° série : 50480.09/14	0
172,1032,345,1035,343,1089,174,1089	saftairVENTILATION	0
402,1031,460,1031,460,1045,402,1045	E.TELE.:	0
534,1030,602,1034,601,1051,533,1048	24/48VcC	0
398,1048,479,1048,479,1067,398,1067	Mode TELE.	0
398,1066,469,1070,468,1088,398,1085	E.Rearm.	0
531,1069,598,1074,597,1092,529,1088	24/48 VcC	0
235,1089,345,1091,345,1105,235,1104	Tel33 (0)23504 69 15	0
399,1085,446,1088,444,1107,397,1104	E.A.P.:	0
529,1088,598,1091,597,1110,528,1106	24/48Vcc	0
