315,440,701,446,693,588,313,577	saftairVENTILATION	0
357,599,652,603,652,625,357,621	ATTENTION /WARNING	0
344,759,667,767,667,781,343,773	COUPERLAUMENTATIONELECTRIQUEAVANTTOUTE INTERVENTION	0
368,771,642,776,642,791,368,785	SHUT DOWN POWER SUPPLYBEFOREANYINTERVENTIONE	0
477,791,534,791,534,811,477,811	saftair VENTILATION	0
387,829,515,829,515,846,387,846	Ventilateur Tertiaire Poulie	0
528,826,622,830,621,860,525,858	saftair VENTILATION	0
427,850,479,854,476,886,424,882	N° ARC ; 50480	0
428,885,479,885,479,909,428,909	Repère :  VSD 08	0
543,894,600,898,597,937,540,933	CE	0
420,949,489,949,489,963,420,963	ption du produit	0
538,1018,607,1020,607,1032,538,1028	Poids (kg):385	0
392,915,489,919,490,950,394,948	Type : CAISSON CT  10/07  HL  4P TRI 0.37KW	0
392,1024,579,1032,579,1042,392,1035	N° de fabrication   2014-50480129	0
392,1014,499,1019,498,1029,392,1023	FABRIQUE EN FRANCE	0
