338,449,655,455,640,569,335,557	saftairENTILATION	0
375,581,615,587,615,605,375,600	ATTENTION/WARNING	0
361,717,392,717,392,727,361,727	COUPER	0
466,742,517,743,515,763,467,760	saftair	0
509,773,587,778,586,802,507,802	saftair	0
429,795,465,799,462,826,426,822	N°  ARC : 50480	0
428,823,466,827,464,847,426,843	Repère : VSD  06	0
522,833,570,837,567,869,519,865	3	0
505,893,536,893,536,903,505,903	.22K	0
551,944,570,944,570,953,551,953	0-835	0
392,850,478,853,478,881,394,877	Type : CAISSON CT 20/12  HL  4P TRI 2.2KW	0
390,946,547,952,547,963,389,956	N° de fabrication   2014 - 50480107	0
