1052,262,1115,262,1115,307,1052,307	CE	0
370,277,460,272,462,301,372,306	KSB b	0
648,293,857,292,857,315,648,316	Commande : 9972771896	0
381,319,535,319,535,338,381,338	SIC.2B VP 4.2.4 V	0
647,318,792,318,792,338,647,338	Pos.: 100	0
936,315,1119,315,1119,335,936,335	N° série  2014w41	0
871,336,1125,336,1125,356,871,356	Type de pompe Movitec V004/04-84	0
380,360,605,360,605,376,380,376	Pression regulée   5.7bar	0
647,357,845,357,845,373,647,373	PM   6.3 bar	0
869,356,1097,352,1099,372,869,373	Puissance par moteur P2  2x0.55	0
869,373,1135,373,1135,389,869,389	Tension de service 400V  50HZ	0
381,391,611,391,611,410,381,410	Pression aspiration 3 bar	0
647,374,848,374,848,425,647,425	Réservoir:    Prégonflage   5.0 bar  Volume 8 l	0
869,392,1144,392,1144,406,869,406	Tension de commande 230V 50HZ	0
382,409,599,410,603,424,381,426	Hauteur à l'aspiration  m	0
869,404,1153,404,1153,424,869,424	courant nominal du moteur  1.3 A	0
380,429,606,428,612,462,383,464	Pression de service max du surpresseur  16.0  bar	0
645,428,847,428,847,443,645,443	Pression de service 16 bar	0
867,426,1135,426,1135,443,867,443	Schéma électrique BD 708 568	0
604,471,870,471,870,489,604,489	Lire la notice d'instruction avant mise en service	0
125,587,302,577,315,628,126,643	Qualitätsprüfung durchgeführt P6	0
380,340,615,340,615,357,380,357	Débit max surpresseur  7.0  m3/h	0
